{
  "advancedEditorSelectedIdentifier" : "ProjectBrowser",
  "openSceneRelativePaths" : [
    "CubeScene.usda",
    "BuildingScene.usda",
    "BuildingScene1.usda",
    "BuildingSceneYellow.usda",
    "BuildingSceneRed.usda",
    "BuildingSceneOrange.usda"
  ],
  "recentIdentifiers" : {
    "0AF3A2D3-ECE9-4F94-934E-8C06EDCD2C54" : [

    ],
    "39FE5E83-4BEB-4702-A5AC-3B7FF638CA90" : [

    ],
    "243725FF-617B-48F7-92D6-C87961D5E306" : [

    ],
    "A42655B8-DB9E-4F03-964E-EF1260C4B2B4" : [

    ],
    "AF9C4A8B-1A78-4BDA-BEBD-A7C127661D30" : [

    ],
    "D0241D82-6879-4C81-AB8B-43546289CE99" : [

    ],
    "D66134B1-3681-4A8E-AFE5-29F257229F3B" : [

    ],
    "DD57DE90-B769-45DB-B3FE-A6D6B4CE8C3F" : [

    ]
  },
  "sceneCameraHistory" : {
    "0AF3A2D3-ECE9-4F94-934E-8C06EDCD2C54" : [
      {
        "date" : 735665113.320443,
        "title" : "Untitled",
        "transform" : [
          0.99662644,
          3.6930825e-08,
          -0.08207118,
          0,
          0.003511421,
          0.99908423,
          0.042641174,
          0,
          0.08199604,
          -0.04278551,
          0.9957139,
          0,
          0.03477844,
          -0.017878637,
          0.42089653,
          1
        ]
      },
      {
        "date" : 735560864.971177,
        "title" : "Untitled",
        "transform" : [
          0.99662644,
          1.115949e-08,
          -0.08207111,
          0,
          0.0035113948,
          0.99908435,
          0.042641185,
          0,
          0.08199609,
          -0.042785496,
          0.99571383,
          0,
          0.09738223,
          0.0435183,
          0.8594749,
          1
        ]
      },
      {
        "date" : 735560003.195003,
        "title" : "Untitled",
        "transform" : [
          0.807735,
          1.1429369e-08,
          -0.5895458,
          0,
          -0.13083202,
          0.9750649,
          -0.17925248,
          0,
          0.57484543,
          0.22191994,
          0.7875939,
          0,
          0.9259874,
          0.73142326,
          2.6201103,
          1
        ]
      },
      {
        "date" : 735559972.21178,
        "title" : "Untitled",
        "transform" : [
          0.807735,
          1.1429369e-08,
          -0.5895458,
          0,
          -0.13083202,
          0.9750649,
          -0.17925248,
          0,
          0.57484543,
          0.22191994,
          0.7875939,
          0,
          0.18378292,
          0.21322456,
          0.6968099,
          1
        ]
      },
      {
        "date" : 735559962.895007,
        "title" : "Untitled",
        "transform" : [
          0.807735,
          1.1429369e-08,
          -0.5895458,
          0,
          -0.13083202,
          0.9750649,
          -0.17925248,
          0,
          0.57484543,
          0.22191994,
          0.7875939,
          0,
          0.15175246,
          0.24748346,
          0.7105351,
          1
        ]
      },
      {
        "date" : 735559941.74451,
        "title" : "Untitled",
        "transform" : [
          0.9987984,
          1.1666178e-08,
          0.04900903,
          0,
          0.011468272,
          0.97223574,
          -0.2337223,
          0,
          -0.04764832,
          0.23400348,
          0.9710674,
          0,
          -4.840971,
          3.1379952,
          7.5499887,
          1
        ]
      },
      {
        "date" : 735559933.195034,
        "title" : "Untitled",
        "transform" : [
          0.9987984,
          1.1666178e-08,
          0.04900903,
          0,
          0.011468272,
          0.97223574,
          -0.2337223,
          0,
          -0.04764832,
          0.23400348,
          0.9710674,
          0,
          -0.68870306,
          0.3952272,
          2.2853823,
          1
        ]
      },
      {
        "date" : 735559808.975862,
        "title" : "Untitled",
        "transform" : [
          0.9987984,
          1.1666178e-08,
          0.04900903,
          0,
          0.011468272,
          0.97223574,
          -0.2337223,
          0,
          -0.04764832,
          0.23400348,
          0.9710674,
          0,
          0.01862681,
          0.17607138,
          0.67978835,
          1
        ]
      },
      {
        "date" : 735559804.095674,
        "title" : "Untitled",
        "transform" : [
          0.9987984,
          1.1666178e-08,
          0.04900903,
          0,
          0.011468272,
          0.97223574,
          -0.2337223,
          0,
          -0.04764832,
          0.23400348,
          0.9710674,
          0,
          0.06524363,
          0.20012447,
          0.67627954,
          1
        ]
      },
      {
        "date" : 735559801.479802,
        "title" : "Untitled",
        "transform" : [
          0.9987984,
          1.1666178e-08,
          0.04900903,
          0,
          0.011468272,
          0.97223574,
          -0.2337223,
          0,
          -0.04764832,
          0.23400348,
          0.9710674,
          0,
          -0.06487484,
          0.12144083,
          0.38954464,
          1
        ]
      }
    ],
    "1D572CEB-057A-41C3-B575-04C37501A3C0" : [
      {
        "date" : 730212496.81813,
        "title" : "Untitled",
        "transform" : [
          1,
          0,
          -0,
          0,
          -0,
          0.8719929,
          -0.48951864,
          0,
          0,
          0.48951864,
          0.8719929,
          0,
          0,
          3.4312787,
          3.8258097,
          1
        ]
      }
    ],
    "8F3ADBBA-AF47-488B-A1C2-7D8D2A17F883" : [
      {
        "date" : 737980413.002867,
        "title" : "Untitled",
        "transform" : [
          1,
          0,
          -0,
          0,
          -0,
          0.8662635,
          -0.4995874,
          0,
          0,
          0.4995874,
          0.8662635,
          0,
          -3.270805e-06,
          0.116534054,
          0.24069914,
          1
        ]
      },
      {
        "date" : 735666316.322828,
        "title" : "Untitled",
        "transform" : [
          1,
          0,
          -0,
          0,
          -0,
          0.8662635,
          -0.4995874,
          0,
          0,
          0.4995874,
          0.8662635,
          0,
          -3.270805e-06,
          0.40586793,
          0.7032097,
          1
        ]
      }
    ],
    "39FE5E83-4BEB-4702-A5AC-3B7FF638CA90" : [
      {
        "date" : 737991899.464421,
        "title" : "Untitled",
        "transform" : [
          0.99949086,
          2.569987e-09,
          -0.031907447,
          0,
          -0.012820132,
          0.9157314,
          -0.40158662,
          0,
          0.029218646,
          0.4017912,
          0.91526514,
          0,
          0.02596278,
          0.263114,
          0.4228267,
          1
        ]
      },
      {
        "date" : 735666198.01886,
        "title" : "Untitled",
        "transform" : [
          0.99949086,
          2.569987e-09,
          -0.031907447,
          0,
          -0.012820132,
          0.9157314,
          -0.40158662,
          0,
          0.029218646,
          0.4017912,
          0.91526514,
          0,
          0.007508412,
          0.090503916,
          0.25891054,
          1
        ]
      },
      {
        "date" : 735666177.168971,
        "title" : "Untitled",
        "transform" : [
          0.99949086,
          1.6386643e-09,
          -0.031907443,
          0,
          -0.012820131,
          0.9157314,
          -0.40158662,
          0,
          0.029218646,
          0.4017912,
          0.91526514,
          0,
          0.007508408,
          0.090503916,
          0.25891054,
          1
        ]
      },
      {
        "date" : 735666142.469081,
        "title" : "Untitled",
        "transform" : [
          0.99949086,
          6.2397043e-10,
          -0.031907443,
          0,
          -0.012820129,
          0.9157314,
          -0.40158662,
          0,
          0.029218644,
          0.4017912,
          0.91526514,
          0,
          0.007508415,
          0.090503894,
          0.25891048,
          1
        ]
      },
      {
        "date" : 735578940.834265,
        "title" : "Untitled",
        "transform" : [
          0.99949086,
          5.4033067e-10,
          -0.03190744,
          0,
          -0.012820127,
          0.9157314,
          -0.4015866,
          0,
          0.029218642,
          0.40179116,
          0.91526514,
          0,
          0.009249742,
          0.11113351,
          0.3075274,
          1
        ]
      },
      {
        "date" : 735578884.400966,
        "title" : "Untitled",
        "transform" : [
          0.99949086,
          5.4033067e-10,
          -0.03190744,
          0,
          -0.012820127,
          0.9157314,
          -0.4015866,
          0,
          0.029218642,
          0.40179116,
          0.91526514,
          0,
          0.007876494,
          0.09224971,
          0.2645108,
          1
        ]
      },
      {
        "date" : 735578794.234354,
        "title" : "Untitled",
        "transform" : [
          0.9994909,
          1.2885724e-09,
          -0.03190744,
          0,
          -0.012820128,
          0.9157314,
          -0.40158656,
          0,
          0.029218642,
          0.40179113,
          0.9152651,
          0,
          0.010352595,
          0.12167529,
          0.34912625,
          1
        ]
      },
      {
        "date" : 735578791.734776,
        "title" : "Untitled",
        "transform" : [
          0.99942875,
          1.2885724e-09,
          -0.03379851,
          0,
          -0.013579942,
          0.9157314,
          -0.4015616,
          0,
          0.030950353,
          0.40179113,
          0.91520816,
          0,
          0.050191794,
          0.23764896,
          0.4077339,
          1
        ]
      },
      {
        "date" : 735578779.884188,
        "title" : "Untitled",
        "transform" : [
          0.99942875,
          1.2885724e-09,
          -0.03379851,
          0,
          -0.013579942,
          0.9157314,
          -0.4015616,
          0,
          0.030950353,
          0.40179113,
          0.91520816,
          0,
          0.008349745,
          0.09224972,
          0.26467928,
          1
        ]
      },
      {
        "date" : 735578774.260947,
        "title" : "Untitled",
        "transform" : [
          0.99942875,
          1.2885724e-09,
          -0.03379851,
          0,
          -0.013579942,
          0.9157314,
          -0.4015616,
          0,
          0.030950353,
          0.40179113,
          0.91520816,
          0,
          0.008349738,
          0.092249714,
          0.26467925,
          1
        ]
      }
    ],
    "243725FF-617B-48F7-92D6-C87961D5E306" : [
      {
        "date" : 730230231.992765,
        "title" : "Untitled",
        "transform" : [
          0.8891681,
          -3.7017154e-09,
          0.45758054,
          0,
          0.22245254,
          0.8738756,
          -0.4322686,
          0,
          -0.39986858,
          0.48614946,
          0.7770225,
          0,
          -0.25431168,
          0.30918556,
          0.49417734,
          1
        ]
      },
      {
        "date" : 730230186.108166,
        "title" : "Untitled",
        "transform" : [
          0.8891682,
          -1.0315654e-08,
          0.45758057,
          0,
          0.22245254,
          0.87387574,
          -0.43226862,
          0,
          -0.39986855,
          0.48614943,
          0.7770225,
          0,
          -0.25442234,
          0.30932093,
          0.49439216,
          1
        ]
      },
      {
        "date" : 730230118.423798,
        "title" : "Untitled",
        "transform" : [
          0.8891681,
          1.5548736e-09,
          0.45758054,
          0,
          0.22245254,
          0.8738757,
          -0.43226856,
          0,
          -0.39986852,
          0.48614943,
          0.77702236,
          0,
          -0.29068273,
          0.35372669,
          0.5649006,
          1
        ]
      },
      {
        "date" : 730230097.078708,
        "title" : "Untitled",
        "transform" : [
          0.8891681,
          1.5548736e-09,
          0.45758054,
          0,
          0.22245254,
          0.8738757,
          -0.43226856,
          0,
          -0.39986852,
          0.48614943,
          0.77702236,
          0,
          -0.49725455,
          0.6048712,
          0.96630996,
          1
        ]
      },
      {
        "date" : 730230085.605137,
        "title" : "Untitled",
        "transform" : [
          0.8886998,
          1.5548736e-09,
          0.45848933,
          0,
          0.22289434,
          0.8738757,
          -0.43204093,
          0,
          -0.4006627,
          0.48614943,
          0.7766132,
          0,
          -2.5467927,
          3.0905137,
          4.936561,
          1
        ]
      },
      {
        "date" : 730230070.862089,
        "title" : "Untitled",
        "transform" : [
          0.8886999,
          -1.4392474e-09,
          0.45848936,
          0,
          0.22289434,
          0.87387574,
          -0.43204096,
          0,
          -0.40066266,
          0.48614937,
          0.77661324,
          0,
          -1.9317234,
          2.444339,
          3.748888,
          1
        ]
      },
      {
        "date" : 730230053.911702,
        "title" : "Untitled",
        "transform" : [
          0.8886999,
          -1.4392474e-09,
          0.45848936,
          0,
          0.22289431,
          0.8738756,
          -0.4320409,
          0,
          -0.40066266,
          0.48614937,
          0.77661324,
          0,
          -0.31134096,
          0.4782298,
          0.60807455,
          1
        ]
      },
      {
        "date" : 730230049.830454,
        "title" : "Untitled",
        "transform" : [
          1,
          0,
          0,
          0,
          0,
          0.85387087,
          -0.5204848,
          0,
          0,
          0.5204848,
          0.85387087,
          0,
          -0.029572293,
          0.50492966,
          0.79088384,
          1
        ]
      },
      {
        "date" : 730230023.803954,
        "title" : "Untitled",
        "transform" : [
          1,
          0,
          -0,
          0,
          -0,
          0.85387087,
          -0.5204848,
          0,
          0,
          0.5204848,
          0.85387087,
          0,
          0.14815922,
          0.43099555,
          0.8359511,
          1
        ]
      }
    ],
    "A42655B8-DB9E-4F03-964E-EF1260C4B2B4" : [
      {
        "date" : 735560040.209482,
        "title" : "Untitled",
        "transform" : [
          1,
          0,
          -0,
          0,
          -0,
          0.86622506,
          -0.499654,
          0,
          0,
          0.499654,
          0.86622506,
          0,
          0.15003286,
          0.46229407,
          0.8009082,
          1
        ]
      },
      {
        "date" : 735560037.664484,
        "title" : "Untitled",
        "transform" : [
          1,
          0,
          -0,
          0,
          -0,
          0.8660254,
          -0.5,
          0,
          0,
          0.5,
          0.8660254,
          0,
          0,
          0.13908376,
          0.24090016,
          1
        ]
      }
    ],
    "AF9C4A8B-1A78-4BDA-BEBD-A7C127661D30" : [
      {
        "date" : 737980214.376251,
        "title" : "Untitled",
        "transform" : [
          0.99890137,
          2.4060387e-10,
          -0.04686194,
          0,
          -0.01749306,
          0.927715,
          -0.37287918,
          0,
          0.043474525,
          0.37328926,
          0.92669576,
          0,
          -0.010589339,
          0.26038286,
          0.38610327,
          1
        ]
      },
      {
        "date" : 737980210.708218,
        "title" : "Untitled",
        "transform" : [
          0.99890137,
          2.4060387e-10,
          -0.04686194,
          0,
          -0.01749306,
          0.927715,
          -0.37287918,
          0,
          0.043474525,
          0.37328926,
          0.92669576,
          0,
          0.013308169,
          0.11087291,
          0.2552085,
          1
        ]
      },
      {
        "date" : 737980205.624165,
        "title" : "Untitled",
        "transform" : [
          0.99890137,
          2.4060387e-10,
          -0.04686194,
          0,
          -0.01749306,
          0.927715,
          -0.37287918,
          0,
          0.043474525,
          0.37328926,
          0.92669576,
          0,
          0.008533167,
          0.15332335,
          0.23833269,
          1
        ]
      },
      {
        "date" : 737980195.226189,
        "title" : "Untitled",
        "transform" : [
          0.99890137,
          2.4060387e-10,
          -0.04686194,
          0,
          -0.01749306,
          0.927715,
          -0.37287918,
          0,
          0.043474525,
          0.37328926,
          0.92669576,
          0,
          -0.004434308,
          0.016247094,
          0.29415774,
          1
        ]
      },
      {
        "date" : 737980180.908147,
        "title" : "Untitled",
        "transform" : [
          0.99890137,
          2.4060387e-10,
          -0.04686194,
          0,
          -0.01749306,
          0.927715,
          -0.37287918,
          0,
          0.043474525,
          0.37328926,
          0.92669576,
          0,
          0.02629506,
          0.089822754,
          0.26307854,
          1
        ]
      },
      {
        "date" : 737980176.524361,
        "title" : "Untitled",
        "transform" : [
          0.99890137,
          2.4060387e-10,
          -0.04686194,
          0,
          -0.01749306,
          0.927715,
          -0.37287918,
          0,
          0.043474525,
          0.37328926,
          0.92669576,
          0,
          0.011399018,
          0.08518415,
          0.2656458,
          1
        ]
      },
      {
        "date" : 737980172.698352,
        "title" : "Untitled",
        "transform" : [
          0.99890137,
          2.4060387e-10,
          -0.04686194,
          0,
          -0.01749306,
          0.927715,
          -0.37287918,
          0,
          0.043474525,
          0.37328926,
          0.92669576,
          0,
          0.011399018,
          0.08518415,
          0.2656458,
          1
        ]
      },
      {
        "date" : 737980168.15809,
        "title" : "Untitled",
        "transform" : [
          0.9989014,
          1.3859719e-10,
          -0.046861943,
          0,
          -0.017493054,
          0.927715,
          -0.37287918,
          0,
          0.043474518,
          0.3732893,
          0.9266959,
          0,
          -0.016572526,
          0.010149486,
          0.5287198,
          1
        ]
      },
      {
        "date" : 737980154.907272,
        "title" : "Untitled",
        "transform" : [
          0.9989014,
          1.3859719e-10,
          -0.046861943,
          0,
          -0.017493054,
          0.927715,
          -0.37287918,
          0,
          0.043474518,
          0.3732893,
          0.9266959,
          0,
          0.016190836,
          0.06945271,
          0.5032944,
          1
        ]
      },
      {
        "date" : 737980151.493279,
        "title" : "Untitled",
        "transform" : [
          1,
          0,
          0,
          0,
          0,
          0.8662635,
          -0.4995874,
          0,
          0,
          0.4995874,
          0.8662635,
          0,
          -0.0074122995,
          0.13931198,
          0.48880294,
          1
        ]
      }
    ],
    "D0241D82-6879-4C81-AB8B-43546289CE99" : [
      {
        "date" : 735578696.643739,
        "title" : "Untitled",
        "transform" : [
          1,
          0,
          -0,
          0,
          -0,
          0.8661681,
          -0.49975288,
          0,
          0,
          0.49975288,
          0.8661681,
          0,
          -1.6391275e-06,
          0.6784424,
          1.1753227,
          1
        ]
      },
      {
        "date" : 735578695.151577,
        "title" : "Untitled",
        "transform" : [
          0.99999994,
          0,
          -0,
          0,
          -0,
          0.8660254,
          -0.49999994,
          0,
          0,
          0.49999994,
          0.8660254,
          0,
          0,
          0.13904968,
          0.24084112,
          1
        ]
      }
    ],
    "D66134B1-3681-4A8E-AFE5-29F257229F3B" : [
      {
        "date" : 730219387.909084,
        "title" : "Untitled",
        "transform" : [
          0.9925819,
          -1.5165991e-08,
          -0.12157805,
          0,
          -0.044321448,
          0.9311833,
          -0.36184725,
          0,
          0.11321145,
          0.3645515,
          0.9242756,
          0,
          0.058919147,
          0.1913345,
          0.5387934,
          1
        ]
      },
      {
        "date" : 730219384.987367,
        "title" : "Untitled",
        "transform" : [
          0.99258184,
          -1.1695901e-08,
          -0.12157804,
          0,
          -0.04357251,
          0.9335714,
          -0.3557328,
          0,
          0.11350179,
          0.3583914,
          0.92664605,
          0,
          0.07209675,
          0.22820593,
          0.6631646,
          1
        ]
      },
      {
        "date" : 730219379.442626,
        "title" : "Untitled",
        "transform" : [
          0.96755296,
          -1.0648405e-08,
          -0.2526684,
          0,
          -0.10940548,
          0.9013938,
          -0.4189507,
          0,
          0.22775373,
          0.43300027,
          0.87214625,
          0,
          0.20628433,
          0.36068627,
          0.8827376,
          1
        ]
      },
      {
        "date" : 730219377.610227,
        "title" : "Untitled",
        "transform" : [
          0.96755296,
          -1.0648405e-08,
          -0.2526684,
          0,
          -0.10940548,
          0.9013938,
          -0.4189507,
          0,
          0.22775373,
          0.43300027,
          0.87214625,
          0,
          0.24982423,
          0.36068627,
          0.8713677,
          1
        ]
      },
      {
        "date" : 730212683.480306,
        "title" : "Untitled",
        "transform" : [
          0.98689264,
          -1.2319832e-08,
          -0.16137874,
          0,
          -0.117076404,
          0.6882473,
          -0.71596706,
          0,
          0.11106847,
          0.72547615,
          0.67922616,
          0,
          -0.19188607,
          0.62176085,
          0.7998447,
          1
        ]
      },
      {
        "date" : 730212678.334874,
        "title" : "Untitled",
        "transform" : [
          0.98689264,
          -1.2319832e-08,
          -0.16137874,
          0,
          -0.117076404,
          0.6882473,
          -0.71596706,
          0,
          0.11106847,
          0.72547615,
          0.67922616,
          0,
          -0.3176301,
          0.21964282,
          0.28646725,
          1
        ]
      },
      {
        "date" : 730212502.888469,
        "title" : "Untitled",
        "transform" : [
          0.9868926,
          -3.34797e-09,
          -0.16137871,
          0,
          -0.1170764,
          0.6882473,
          -0.715967,
          0,
          0.11106847,
          0.72547615,
          0.67922616,
          0,
          0.084972516,
          0.55502254,
          0.51963943,
          1
        ]
      },
      {
        "date" : 730212497.200439,
        "title" : "Untitled",
        "transform" : [
          1,
          0,
          -0,
          0,
          -0,
          0.8660253,
          -0.5000002,
          0,
          0,
          0.5000002,
          0.8660253,
          0,
          0,
          0.38252303,
          0.6625494,
          1
        ]
      }
    ],
    "DC0A0BBB-5C34-4165-9404-EB7E6ABACD1B" : [
      {
        "date" : 737980422.265358,
        "title" : "Untitled",
        "transform" : [
          1,
          0,
          -0,
          0,
          -0,
          0.8662635,
          -0.4995874,
          0,
          0,
          0.4995874,
          0.8662635,
          0,
          -3.275122e-06,
          0.116534084,
          0.24069916,
          1
        ]
      },
      {
        "date" : 737975860.10087,
        "title" : "Untitled",
        "transform" : [
          1,
          0,
          -0,
          0,
          -0,
          0.8662635,
          -0.4995874,
          0,
          0,
          0.4995874,
          0.8662635,
          0,
          -3.3049243e-06,
          0.27122518,
          0.4702474,
          1
        ]
      },
      {
        "date" : 737975707.534658,
        "title" : "Untitled",
        "transform" : [
          1,
          0,
          0,
          0,
          0,
          0.8662635,
          -0.4995874,
          0,
          0,
          0.4995874,
          0.8662635,
          0,
          -1.33088815e-05,
          0.47417623,
          0.9794031,
          1
        ]
      },
      {
        "date" : 735666386.694037,
        "title" : "Untitled",
        "transform" : [
          1,
          0,
          -0,
          0,
          -0,
          0.8662635,
          -0.4995874,
          0,
          0,
          0.4995874,
          0.8662635,
          0,
          -3.270805e-06,
          0.116534054,
          0.24069914,
          1
        ]
      },
      {
        "date" : 735666347.649859,
        "title" : "Untitled",
        "transform" : [
          1,
          0,
          -0,
          0,
          -0,
          0.8662635,
          -0.4995874,
          0,
          0,
          0.4995874,
          0.8662635,
          0,
          -3.270805e-06,
          0.40586793,
          0.7032097,
          1
        ]
      },
      {
        "date" : 735666344.842918,
        "title" : "Untitled",
        "transform" : [
          1,
          0,
          -0,
          0,
          -0,
          0.8660254,
          -0.5,
          0,
          0,
          0.5,
          0.8660254,
          0,
          0,
          0.13541748,
          0.23454995,
          1
        ]
      }
    ],
    "DD57DE90-B769-45DB-B3FE-A6D6B4CE8C3F" : [
      {
        "date" : 735579155.666239,
        "title" : "Untitled",
        "transform" : [
          1,
          0,
          0,
          0,
          0,
          0.8661681,
          -0.49975288,
          0,
          0,
          0.49975288,
          0.8661681,
          0,
          0.0044215024,
          0.4591009,
          1.3018762,
          1
        ]
      },
      {
        "date" : 735579153.900682,
        "title" : "Untitled",
        "transform" : [
          1,
          0,
          0,
          0,
          0,
          0.8661681,
          -0.49975288,
          0,
          0,
          0.49975288,
          0.8661681,
          0,
          -0.013713747,
          0.45769376,
          1.302688,
          1
        ]
      },
      {
        "date" : 735579028.460894,
        "title" : "Untitled",
        "transform" : [
          1,
          0,
          -0,
          0,
          -0,
          0.8661681,
          -0.49975288,
          0,
          0,
          0.49975288,
          0.8661681,
          0,
          -1.6391275e-06,
          0.6784424,
          1.1753227,
          1
        ]
      },
      {
        "date" : 735579023.478917,
        "title" : "Untitled",
        "transform" : [
          0.99999994,
          0,
          -0,
          0,
          -0,
          0.8660254,
          -0.49999994,
          0,
          0,
          0.49999994,
          0.8660254,
          0,
          0,
          0.13904968,
          0.24084112,
          1
        ]
      }
    ],
    "DEA3C6C0-7E0D-493B-9A5F-77B0C270FE40" : [
      {
        "date" : 737975829.848816,
        "title" : "Untitled",
        "transform" : [
          1,
          0,
          0,
          0,
          0,
          0.8662635,
          -0.4995874,
          0,
          0,
          0.4995874,
          0.8662635,
          0,
          -4.9755654e-06,
          0.17715438,
          0.36372152,
          1
        ]
      },
      {
        "date" : 737975805.512338,
        "title" : "Untitled",
        "transform" : [
          1,
          0,
          -0,
          0,
          -0,
          0.8662635,
          -0.4995874,
          0,
          0,
          0.4995874,
          0.8662635,
          0,
          -3.270805e-06,
          0.1164566,
          0.2391009,
          1
        ]
      },
      {
        "date" : 737975739.103766,
        "title" : "Untitled",
        "transform" : [
          1,
          0,
          -0,
          0,
          -0,
          0.8662635,
          -0.4995874,
          0,
          0,
          0.4995874,
          0.8662635,
          0,
          -3.270805e-06,
          0.40586793,
          0.7032097,
          1
        ]
      }
    ]
  },
  "selectedSceneRelativePath" : "BuildingScene.usda"
}